14.453
14.482
14.428
14.477
14.376
14.420
14.419
14.680
14.661
14.607
14.545
14.373
14.485
14.587
14.555
14.741
14.633
14.475
14.474
14.470
14.548
14.554
14.548
14.549
14.431
14.431
14.387
14.486
14.478
14.538
14.724
14.589
14.668
14.429
14.562
14.413
14.541
14.443
14.470
14.740
14.499
14.757
14.437
14.436
14.707
14.388
14.388
14.572
14.427
14.424
14.517
14.420
14.645
14.472
14.587
14.381
14.510
14.471
14.585
14.465
14.400
14.523
14.450
14.486
14.487
14.535
14.755
14.625
14.488
14.630
14.467
14.467
14.517
14.435
14.401
14.600
14.408
14.534
14.502
14.522
14.564
14.541
14.499
14.442
14.407
14.550
14.642
14.440
14.461
14.570
14.476
14.734
14.426
14.483
14.610
14.569
14.475
14.536
14.665
14.457
14.595
14.493
14.415
14.704
14.567
14.681
14.487
14.680
14.605
14.677
14.453
14.540
14.433
14.413
14.687
14.499
14.399
14.390
14.536
14.548
14.603
14.565
14.502
14.453
14.478
14.474
14.628
14.602
14.478
14.502
14.502
14.467
14.484
14.560
14.392
14.630
14.448
14.602
14.623
14.393
14.471
14.439
14.542
14.612
14.727
14.490
14.396
14.602
14.457
14.435
14.719
14.461
14.630
14.479
14.377
14.474
14.545
14.458
14.532
14.622
14.496
14.557
14.584
14.673
14.557
14.616
14.561
14.533
14.406
14.436
14.546
14.596
14.438
14.451
14.477
14.492
14.733
14.438
14.550
14.455
14.423
14.512
14.481
14.633
14.425
14.499
14.532
14.580
14.491
14.453
14.682
14.511
14.613
14.536
14.447
14.679
14.485
14.471
14.623
14.681
